500
1 2 3 4 9 8 7 6 5 13 14 15 12 11 10 19 18 17 16 1 2 3 4 9 8 7 6 5 13 14 15 12 11 10 19 18 17 101 101 1 2 3 4 9 8 7 6 5 13 14 15 12 11 10 19 18 17 16 1 2 3 4 9 8 7 6 5 13 14 15 12 11 10 19 18 17 101 101 1 2 3 4 9 8 7 6 5 13 14 15 12 11 10 19 18 17 16 1 2 3 4 9 8 7 6 5 13 14 15 12 11 10 19 18 17 101 101 1 2 3 4 9 8 7 6 5 13 14 15 12 11 10 19 18 17 16 1 2 3 4 9 8 7 6 5 13 14 15 12 11 10 19 18 17 101 101 1 2 3 4 9 8 7 6 5 13 14 15 12 11 10 19 18 17 16 1 2 3 4 9 8 7 6 5 13 14 15 12 11 10 19 18 17 101 101 1 2 3 4 9 8 7 6 5 13 14 15 12 11 10 19 18 17 16 1 2 3 4 9 8 7 6 5 13 14 15 12 11 10 19 18 17 101 101 
 89 798 43827 784 9328 483 924 98 4324 142 4879 89 798 43827 784 9328 483 924 98 4324 
  89 798 43827 784 9328 483 924 98 4324 142 4879 89 798 43827 784 9328 483 924 98 4324 
 89 798 43827 784 9328 483 924 98 4324 142 4879 89 798 43827 784 9328 483 924 98 4324 
 89 798 43827 784 9328 483 924 98 4324 142 4879 89 798 43827 784 9328 483 924 98 4324 
 89 798 43827 784 9328 483 924 98 4324 142 4879 89 798 43827 784 9328 483 924 98 4324 
  89 798 43827 784 9328 483 924 98 4324 142 4879 89 798 43827 784 9328 483 924 98 4324 
 89 798 43827 784 9328 483 924 98 4324 142 4879 89 798 43827 784 9328 483 924 98 4324 
 89 798 43827 784 9328 483 924 98 4324 142 4879 89 798 43827 784 9328 483 924 98 4324 
 89 798 43827 784 9328 483 924 98 4324 142 4879 89 798 43827 784 9328 483 924 98 4324 
89 798 43827 784 9328 483 924 98 4324 142 4879 89 798 43827 784 9328 483 924 98 4324 
 89 798 43827 784 9328 483 924 98 4324 142 4879 89 798 43827 784 9328 483 924 98 4324 
 89 798 43827 784 9328 483 924 98 4324 142 4879 89 798 43827 784 9328 483 924 98 4324 
89 798 43827 784 9328 483 924 98 4324 142 4879 89 798 43827 784 9328 483 924 98 4324 
8934 2934 852 78631 83742 931
